     0/299     4.34G      3.46      6.15      3.79      13.4       240       448    0.0778    0.0263    0.0167    0.0262       3.2      4.49      3.26
     1/299     4.34G      2.96      5.01      3.01        11       218       448      0.17    0.0752    0.0603    0.0818      2.85      3.87      2.59
     2/299     4.34G       2.8      4.51      2.59       9.9       283       448     0.227     0.127     0.101     0.135      2.69       3.5      2.24
     3/299     4.34G      2.69      4.13      2.32      9.14       259       448     0.282     0.174     0.145     0.186      2.56      3.18      1.95
     4/299     4.34G      2.61      3.81      2.15      8.56       165       448     0.301     0.204     0.176     0.222      2.47      2.93      1.79
     5/299     4.34G      2.56      3.53      2.04      8.12       233       448     0.341     0.224     0.197     0.245      2.42      2.71      1.68
     6/299     4.34G      2.52      3.39      1.96      7.88       191       448     0.349     0.241     0.212     0.262      2.38       2.7      1.62
     7/299     4.34G      2.49      3.38      1.91      7.79       226       448     0.345     0.255     0.224     0.273      2.35      2.68      1.57
     8/299     4.34G      2.48      3.36      1.87      7.71       144       448     0.352     0.268     0.232     0.284      2.33      2.66      1.54
     9/299     4.34G      2.46      3.35      1.83      7.65       192       448     0.351     0.272     0.238     0.288      2.32      2.65      1.52
    10/299     4.34G      2.45      3.34      1.81      7.59       163       448     0.356     0.276     0.242     0.293      2.31      2.65       1.5
    11/299     4.34G      2.44      3.32      1.78      7.54       141       448     0.358     0.278     0.246     0.295       2.3      2.64      1.49
    12/299     4.34G      2.43      3.31      1.77       7.5       185       448     0.365      0.28      0.25     0.299       2.3      2.64      1.48
    13/299     4.34G      2.42      3.32      1.74      7.48       181       448     0.373     0.282     0.254     0.303      2.29      2.63      1.47
    14/299     4.34G      2.41       3.3      1.73      7.45       202       448     0.378     0.283     0.257     0.305      2.28      2.63      1.45
    15/299     4.34G       2.4      3.31      1.72      7.43       230       448     0.384     0.284      0.26     0.309      2.27      2.62      1.44
    16/299     4.34G       2.4       3.3       1.7       7.4       185       448     0.392     0.286     0.265     0.313      2.27      2.62      1.43
    17/299     4.34G       2.4      3.29      1.69      7.37       175       448      0.41     0.287     0.267     0.316      2.26      2.61      1.42
    18/299     4.34G      2.39      3.28      1.69      7.36       218       448     0.413     0.289      0.27     0.318      2.26      2.61      1.41
    19/299     4.34G      2.38      3.28      1.67      7.33       283       448     0.417     0.289     0.273     0.318      2.25       2.6       1.4
    20/299     4.34G      2.38      3.28      1.66      7.32       164       448     0.421      0.29     0.275     0.321      2.25       2.6      1.39
    21/299     4.34G      2.38      3.27      1.66       7.3       231       448     0.425     0.293     0.278     0.325      2.24      2.59      1.38
    22/299     4.34G      2.37      3.27      1.64      7.29       271       448     0.427     0.295     0.281     0.327      2.23      2.59      1.38
    23/299     4.34G      2.37      3.26      1.64      7.28       188       448     0.428     0.297     0.284     0.328      2.23      2.58      1.37
    24/299     4.34G      2.36      3.27      1.63      7.26       276       448     0.431     0.299     0.286     0.331      2.22      2.58      1.36
    25/299     4.34G      2.36      3.27      1.63      7.26       167       448     0.436     0.302     0.289     0.334      2.22      2.58      1.35
    26/299     4.34G      2.36      3.26      1.62      7.24       268       448     0.435     0.304     0.291     0.336      2.22      2.57      1.34
    27/299     4.34G      2.36      3.25      1.62      7.23       184       448     0.436     0.306     0.293     0.338      2.21      2.57      1.33
    28/299     4.34G      2.35      3.26      1.61      7.23       190       448     0.433     0.308     0.296     0.339      2.21      2.56      1.32
    29/299     4.34G      2.35      3.25      1.61      7.21       146       448     0.431     0.311     0.297     0.342       2.2      2.56      1.31
    30/299     4.34G      2.35      3.25      1.61      7.21       291       448     0.426     0.314     0.299     0.343       2.2      2.56      1.31
    31/299     4.34G      2.35      3.25       1.6       7.2       266       448     0.425     0.316       0.3     0.345      2.19      2.55       1.3
    32/299     4.34G      2.35      3.25       1.6      7.19       191       448     0.426     0.319     0.302     0.347      2.19      2.55       1.3
    33/299     4.34G      2.34      3.24      1.59      7.18       237       448     0.425     0.321     0.303     0.347      2.19      2.55      1.29
    34/299     4.34G      2.34      3.24      1.59      7.17       193       448     0.429     0.325     0.305     0.351      2.18      2.55      1.29
    35/299     4.34G      2.34      3.24      1.59      7.17       268       448     0.424     0.327     0.306     0.351      2.18      2.54      1.28
    36/299     4.34G      2.34      3.24      1.58      7.15       173       448     0.424      0.33     0.308     0.353      2.18      2.54      1.27
    37/299     4.34G      2.33      3.24      1.58      7.15       262       448     0.427     0.333      0.31     0.356      2.17      2.54      1.27
    38/299     4.34G      2.33      3.23      1.57      7.14       190       448     0.414     0.335     0.311     0.357      2.17      2.54      1.26
    39/299     4.34G      2.33      3.23      1.57      7.14       233       448     0.413     0.337     0.312     0.358      2.17      2.53      1.26
    40/299     4.34G      2.33      3.23      1.57      7.13       282       448     0.414     0.338     0.313     0.358      2.17      2.53      1.26
    41/299     4.34G      2.33      3.23      1.57      7.12       195       448     0.412      0.34     0.315     0.358      2.16      2.53      1.25
    42/299     4.34G      2.32      3.23      1.57      7.12       237       448     0.414     0.342     0.316      0.36      2.16      2.53      1.25
    43/299     4.34G      2.32      3.23      1.57      7.12       152       448     0.416     0.345     0.317     0.361      2.16      2.53      1.24
    44/299     4.34G      2.32      3.23      1.56      7.11       242       448     0.416     0.345     0.319     0.362      2.16      2.53      1.24
    45/299     4.34G      2.32      3.24      1.56      7.12       266       448     0.415     0.347     0.319     0.363      2.16      2.52      1.24
    46/299     4.34G      2.32      3.23      1.55       7.1       232       448     0.415     0.348     0.321     0.364      2.15      2.52      1.24
    47/299     4.34G      2.32      3.23      1.55      7.09       149       448     0.417      0.35     0.322     0.366      2.15      2.52      1.23
    48/299     4.34G      2.32      3.23      1.55      7.09       240       448     0.416     0.351     0.323     0.367      2.15      2.52      1.23
    49/299     4.34G      2.32      3.23      1.55      7.09       176       448     0.414     0.351     0.323     0.366      2.15      2.52      1.23
    50/299     4.34G      2.32      3.23      1.55      7.09       235       448     0.415     0.353     0.324     0.368      2.15      2.52      1.23
    51/299     4.34G      2.31      3.22      1.55      7.08       257       448     0.413     0.353     0.325     0.367      2.15      2.51      1.22
    52/299     4.34G      2.31      3.23      1.54      7.08       260       448     0.411     0.355     0.326     0.368      2.15      2.51      1.22
    53/299     4.34G      2.31      3.22      1.54      7.07       264       448      0.41     0.356     0.327     0.368      2.14      2.51      1.22
    54/299     4.34G      2.31      3.22      1.54      7.07       249       448     0.409     0.355     0.327     0.367      2.14      2.51      1.22
    55/299     4.34G      2.31      3.22      1.54      7.07       220       448     0.413     0.357     0.328     0.369      2.14      2.51      1.21
    56/299     4.34G      2.31      3.21      1.53      7.05       208       448     0.413     0.357     0.329     0.369      2.14      2.51      1.21
    57/299     4.34G      2.31      3.22      1.53      7.06       185       448     0.415     0.358      0.33     0.371      2.14      2.51      1.21
    58/299     4.34G       2.3      3.22      1.53      7.05       236       448     0.412     0.359      0.33     0.371      2.14      2.51      1.21
    59/299     4.34G       2.3      3.21      1.53      7.04       165       448     0.411      0.36     0.331      0.37      2.14      2.51      1.21
    60/299     4.34G       2.3      3.23      1.53      7.06       154       448     0.411      0.36     0.332     0.371      2.14      2.51       1.2
    61/299     4.34G       2.3      3.22      1.52      7.05       179       448     0.411     0.361     0.332     0.371      2.14       2.5       1.2
    62/299     4.34G       2.3      3.21      1.52      7.03       260       448     0.412     0.362     0.333     0.372      2.13       2.5       1.2
    63/299     4.34G       2.3      3.21      1.52      7.02       221       448      0.41     0.363     0.333     0.371      2.13       2.5       1.2
    64/299     4.34G       2.3       3.2      1.52      7.02       231       448     0.409     0.363     0.333     0.372      2.13       2.5      1.19
    65/299     4.34G       2.3       3.2      1.52      7.02       164       448      0.41     0.364     0.334     0.373      2.13       2.5      1.19
    66/299     4.34G       2.3      3.21      1.51      7.02       251       448      0.41     0.365     0.334     0.373      2.13       2.5      1.19
    67/299     4.34G      2.29      3.21      1.52      7.02       243       448      0.41     0.366     0.334     0.374      2.13       2.5      1.19
    68/299     4.34G      2.29      3.21      1.51      7.02       298       448      0.41     0.366     0.335     0.374      2.13       2.5      1.19
    69/299     4.34G      2.29      3.21      1.51      7.02       174       448     0.409     0.366     0.335     0.374      2.13       2.5      1.19
    70/299     4.34G      2.29      3.21      1.51      7.01       199       448     0.409     0.367     0.335     0.374      2.13       2.5      1.18
    71/299     4.34G      2.29      3.21      1.51      7.01       179       448      0.41     0.368     0.336     0.375      2.13       2.5      1.18
    72/299     4.34G      2.29      3.21      1.51         7       202       448     0.411     0.368     0.336     0.376      2.12       2.5      1.18
    73/299     4.34G      2.29      3.21       1.5      6.99       183       448     0.413      0.37     0.336     0.377      2.12       2.5      1.18
    74/299     4.34G      2.28       3.2       1.5      6.99       145       448     0.412     0.369     0.337     0.377      2.12       2.5      1.18
    75/299     4.34G      2.29      3.19       1.5      6.98       210       448      0.41     0.371     0.337     0.377      2.12       2.5      1.18
    76/299     4.34G      2.28       3.2       1.5      6.98       213       448     0.408     0.371     0.337     0.376      2.12       2.5      1.18
    77/299     4.34G      2.28       3.2       1.5      6.98       248       448     0.408     0.371     0.337     0.376      2.12       2.5      1.18
    78/299     4.34G      2.28      3.19      1.49      6.97       151       448     0.408     0.372     0.338     0.377      2.12       2.5      1.17
    79/299     4.34G      2.28       3.2       1.5      6.98       170       448     0.407     0.373     0.339     0.378      2.12      2.49      1.17
    80/299     4.34G      2.28      3.19      1.49      6.96       121       448     0.408     0.373     0.339     0.378      2.12      2.49      1.17
    81/299     4.34G      2.28       3.2      1.49      6.97       194       448     0.408     0.373     0.341     0.378      2.12      2.49      1.17
    82/299     4.34G      2.27       3.2      1.49      6.96       227       448     0.407     0.373     0.341     0.378      2.12      2.49      1.17
    83/299     4.34G      2.28      3.19      1.49      6.96       197       448     0.406     0.373     0.341     0.377      2.12      2.49      1.17
    84/299     4.34G      2.28       3.2      1.49      6.96       263       448     0.407     0.375     0.342     0.378      2.12      2.49      1.17
    85/299     4.34G      2.27       3.2      1.49      6.96       212       448     0.408     0.376     0.342      0.38      2.11      2.49      1.16
    86/299     4.34G      2.27       3.2      1.48      6.96       266       448     0.409     0.377     0.343      0.38      2.11      2.49      1.16
    87/299     4.34G      2.27       3.2      1.48      6.95       172       448     0.408     0.377     0.343      0.38      2.11      2.49      1.16
    88/299     4.34G      2.27      3.19      1.48      6.94       208       448     0.409     0.378     0.343     0.381      2.11      2.49      1.16
    89/299     4.34G      2.27      3.19      1.48      6.94       178       448      0.41     0.378     0.343     0.381      2.11      2.49      1.16
    90/299     4.34G      2.27       3.2      1.48      6.95       303       448     0.409     0.379     0.343     0.382      2.11      2.49      1.16
    91/299     4.34G      2.27      3.19      1.48      6.94       250       448     0.409      0.38     0.344     0.382      2.11      2.49      1.16
    92/299     4.34G      2.26       3.2      1.48      6.94       232       448     0.408      0.38     0.343     0.382      2.11      2.49      1.16
    93/299     4.34G      2.27       3.2      1.48      6.95       265       448     0.406      0.38     0.343     0.382      2.11      2.49      1.16
    94/299     4.34G      2.26       3.2      1.47      6.93       155       448     0.405     0.381     0.344     0.381      2.11      2.49      1.16
    95/299     4.34G      2.26      3.19      1.47      6.93       211       448     0.405     0.381     0.344     0.381      2.11      2.49      1.16
    96/299     4.34G      2.26       3.2      1.47      6.93       226       448     0.404      0.38     0.344     0.381      2.11      2.49      1.15
    97/299     4.34G      2.26      3.19      1.47      6.92       233       448     0.409     0.382     0.345     0.384      2.11      2.49      1.15
    98/299     4.34G      2.26      3.19      1.47      6.92       264       448     0.409     0.382     0.345     0.384      2.11      2.49      1.15
    99/299     4.34G      2.26      3.18      1.46      6.91       210       448     0.408     0.382     0.346     0.383      2.11      2.48      1.15
   100/299     4.34G      2.26      3.18      1.47      6.91       217       448     0.408     0.382     0.346     0.383      2.11      2.48      1.15
   101/299     4.34G      2.26      3.19      1.47      6.92       236       448     0.407     0.383     0.346     0.383      2.11      2.48      1.15
   102/299     4.34G      2.26      3.19      1.46      6.91       205       448     0.407     0.383     0.347     0.383       2.1      2.48      1.15
   103/299     4.34G      2.25      3.19      1.46       6.9       175       448     0.407     0.383     0.347     0.383       2.1      2.48      1.15
   104/299     4.34G      2.25      3.19      1.46       6.9       183       448     0.406     0.383     0.347     0.383       2.1      2.48      1.15
   105/299     4.34G      2.25      3.19      1.46      6.89       213       448     0.407     0.383     0.348     0.383       2.1      2.48      1.15
   106/299     4.34G      2.25      3.18      1.45      6.88       197       448     0.407     0.383     0.348     0.383       2.1      2.48      1.14
   107/299     4.34G      2.25      3.18      1.46      6.89       240       448     0.408     0.383     0.349     0.383       2.1      2.48      1.14
   108/299     4.34G      2.25      3.18      1.45      6.87       202       448     0.406     0.383     0.349     0.382       2.1      2.48      1.14
   109/299     4.34G      2.25      3.18      1.45      6.87       166       448     0.407     0.383     0.349     0.383       2.1      2.48      1.14
   110/299     4.34G      2.25      3.18      1.45      6.88       202       448     0.406     0.383     0.349     0.383       2.1      2.48      1.14
   111/299     4.34G      2.25      3.18      1.44      6.87       257       448     0.406     0.384     0.349     0.383       2.1      2.48      1.14
   112/299     4.34G      2.24      3.18      1.45      6.87       202       448     0.408     0.384     0.349     0.384       2.1      2.48      1.14
   113/299     4.34G      2.25      3.17      1.45      6.87       208       448     0.407     0.385      0.35     0.384       2.1      2.48      1.14
   114/299     4.34G      2.24      3.18      1.44      6.86       204       448     0.406     0.386     0.349     0.384       2.1      2.48      1.14
   115/299     4.34G      2.24      3.17      1.44      6.85       262       448     0.405     0.387     0.351     0.385       2.1      2.48      1.14
   116/299     4.34G      2.24      3.18      1.44      6.86       158       448     0.404     0.388     0.351     0.385       2.1      2.48      1.13
   117/299     4.34G      2.24      3.17      1.44      6.85       220       448     0.405     0.388     0.351     0.386       2.1      2.48      1.13
   118/299     4.34G      2.24      3.17      1.43      6.84       235       448     0.406     0.389     0.352     0.386       2.1      2.48      1.13
   119/299     4.34G      2.23      3.18      1.44      6.85       221       448     0.405     0.389     0.351     0.386       2.1      2.47      1.13
   120/299     4.34G      2.24      3.18      1.43      6.85       177       448     0.404     0.389     0.352     0.386      2.09      2.48      1.13
   121/299     4.34G      2.24      3.17      1.43      6.84       164       448     0.403     0.389     0.351     0.386      2.09      2.48      1.13
   122/299     4.34G      2.23      3.17      1.43      6.84       178       448     0.405     0.389     0.352     0.386      2.09      2.48      1.13
   123/299     4.34G      2.23      3.18      1.43      6.84       191       448     0.405      0.39     0.351     0.386      2.09      2.48      1.13
   124/299     4.34G      2.23      3.16      1.43      6.82       174       448     0.404     0.391     0.353     0.386      2.09      2.48      1.13
   125/299     4.34G      2.23      3.16      1.43      6.82       253       448     0.405      0.39     0.354     0.387      2.09      2.47      1.13
   126/299     4.34G      2.23      3.18      1.42      6.82       227       448     0.405      0.39     0.353     0.387      2.09      2.47      1.13
   127/299     4.34G      2.23      3.16      1.43      6.82       234       448     0.403      0.39     0.353     0.387      2.09      2.47      1.12
   128/299     4.34G      2.22      3.17      1.42      6.81       238       448     0.405      0.39     0.354     0.388      2.09      2.47      1.12
   129/299     4.34G      2.22      3.16      1.42       6.8       182       448     0.404     0.392     0.354     0.388      2.09      2.47      1.12
   130/299     4.34G      2.22      3.16      1.42      6.81       196       448     0.403     0.392     0.355     0.387      2.09      2.47      1.12
   131/299     4.34G      2.22      3.17      1.42      6.81       147       448     0.401     0.392     0.355     0.387      2.09      2.47      1.12
   132/299     4.34G      2.22      3.17      1.41      6.81       242       448     0.401     0.393     0.355     0.387      2.08      2.47      1.12
   133/299     4.34G      2.22      3.17      1.41      6.79       197       448       0.4     0.392     0.355     0.387      2.08      2.47      1.12
   134/299     4.34G      2.22      3.17      1.41       6.8       207       448       0.4     0.392     0.355     0.387      2.08      2.47      1.12
   135/299     4.34G      2.22      3.16      1.41      6.79       237       448     0.402     0.394     0.356     0.389      2.08      2.47      1.11
   136/299     4.34G      2.22      3.16      1.41      6.79       203       448     0.403     0.395     0.356      0.39      2.08      2.47      1.11
   137/299     4.34G      2.21      3.17      1.41      6.79       190       448     0.404     0.394     0.356      0.39      2.08      2.47      1.11
   138/299     4.34G      2.21      3.15       1.4      6.77       185       448     0.404     0.395     0.356      0.39      2.08      2.47      1.11
   139/299     4.34G      2.21      3.16       1.4      6.77       181       448     0.405     0.394     0.357      0.39      2.08      2.47      1.11
   140/299     4.34G      2.21      3.16       1.4      6.77       224       448     0.404     0.395     0.357      0.39      2.08      2.47      1.11
   141/299     4.34G      2.21      3.15       1.4      6.76       239       448     0.403     0.396     0.357      0.39      2.08      2.47      1.11
   142/299     4.34G      2.21      3.15       1.4      6.75       231       448     0.403     0.396     0.357      0.39      2.08      2.47      1.11
   143/299     4.34G      2.21      3.16       1.4      6.76       200       448     0.403     0.397     0.358      0.39      2.08      2.47      1.11
   144/299     4.34G       2.2      3.16       1.4      6.76       162       448     0.404     0.397     0.358     0.391      2.08      2.47       1.1
   145/299     4.34G       2.2      3.15       1.4      6.75       187       448     0.404     0.396     0.358      0.39      2.08      2.47       1.1
   146/299     4.34G       2.2      3.15      1.39      6.75       232       448     0.403     0.397     0.358     0.391      2.08      2.47       1.1
   147/299     4.34G       2.2      3.15      1.39      6.74       230       448     0.403     0.398     0.358     0.391      2.08      2.46       1.1
   148/299     4.34G       2.2      3.16      1.39      6.74       132       448     0.403     0.399     0.359     0.392      2.08      2.46       1.1
   149/299     4.34G       2.2      3.15      1.39      6.74       218       448     0.405     0.399     0.359     0.392      2.08      2.46       1.1
   150/299     4.34G       2.2      3.15      1.38      6.74       220       448     0.404     0.399     0.359     0.392      2.07      2.46       1.1
   151/299     4.34G       2.2      3.15      1.38      6.73       221       448     0.403     0.398     0.359     0.391      2.07      2.46       1.1
   152/299     4.34G       2.2      3.14      1.38      6.72       242       448     0.402     0.399     0.359     0.392      2.07      2.46       1.1
   153/299     4.34G      2.19      3.16      1.38      6.73       113       448     0.402     0.399      0.36     0.391      2.07      2.46       1.1
   154/299     4.34G      2.19      3.15      1.38      6.72       214       448     0.402       0.4     0.361     0.391      2.07      2.46       1.1
   155/299     4.34G      2.19      3.14      1.38      6.71       264       448     0.402     0.401     0.361     0.392      2.07      2.46       1.1
   156/299     4.34G      2.19      3.14      1.37      6.71       244       448     0.403     0.401     0.361     0.393      2.07      2.46      1.09
   157/299     4.34G      2.19      3.14      1.37       6.7       184       448     0.403     0.401     0.362     0.393      2.07      2.46      1.09
   158/299     4.34G      2.19      3.14      1.37       6.7       267       448     0.403     0.402     0.361     0.394      2.07      2.46      1.09
   159/299     4.34G      2.19      3.14      1.37      6.69       281       448     0.402     0.401     0.362     0.392      2.07      2.46      1.09
   160/299     4.34G      2.18      3.15      1.37       6.7       159       448     0.401       0.4     0.362     0.392      2.07      2.46      1.09
   161/299     4.34G      2.18      3.14      1.37      6.69       199       448       0.4       0.4     0.362     0.391      2.07      2.46      1.09
   162/299     4.34G      2.18      3.13      1.36      6.67       222       448     0.401     0.401     0.362     0.392      2.07      2.46      1.09
   163/299     4.34G      2.18      3.14      1.37      6.68       218       448       0.4     0.402     0.363     0.392      2.07      2.46      1.09
   164/299     4.34G      2.18      3.14      1.36      6.68       169       448       0.4     0.402     0.363     0.393      2.07      2.46      1.09
   165/299     4.34G      2.18      3.14      1.36      6.68       267       448     0.402     0.404     0.364     0.394      2.07      2.46      1.09
   166/299     4.34G      2.18      3.14      1.36      6.67       206       448     0.403     0.405     0.364     0.395      2.06      2.46      1.09
   167/299     4.34G      2.18      3.14      1.36      6.67       296       448     0.402     0.404     0.364     0.395      2.06      2.46      1.09
   168/299     4.34G      2.17      3.14      1.35      6.66       113       448     0.403     0.405     0.365     0.395      2.06      2.46      1.09
   169/299     4.34G      2.17      3.13      1.35      6.65       150       448     0.403     0.406     0.365     0.396      2.06      2.46      1.08
   170/299     4.34G      2.17      3.13      1.35      6.65       236       448     0.402     0.406     0.365     0.396      2.06      2.46      1.08
   171/299     4.34G      2.17      3.13      1.35      6.64       141       448     0.403     0.408     0.366     0.397      2.06      2.46      1.08
   172/299     4.34G      2.17      3.14      1.34      6.65       162       448     0.403     0.408     0.366     0.397      2.06      2.45      1.08
   173/299     4.34G      2.16      3.13      1.34      6.64       251       448     0.402     0.408     0.366     0.396      2.06      2.45      1.08
   174/299     4.34G      2.17      3.13      1.34      6.64       236       448     0.401     0.407     0.366     0.395      2.06      2.45      1.08
   175/299     4.34G      2.16      3.12      1.34      6.62       157       448     0.402     0.407     0.366     0.396      2.06      2.45      1.08
   176/299     4.34G      2.16      3.13      1.34      6.63       222       448     0.401     0.408     0.365     0.396      2.06      2.45      1.08
   177/299     4.34G      2.16      3.13      1.33      6.62       206       448       0.4     0.408     0.365     0.396      2.06      2.45      1.08
   178/299     4.34G      2.16      3.13      1.33      6.61       169       448     0.399     0.408     0.366     0.395      2.06      2.45      1.08
   179/299     4.34G      2.15      3.13      1.33      6.61       211       448     0.399     0.409     0.366     0.396      2.06      2.45      1.07
   180/299     4.34G      2.15      3.12      1.33      6.61       238       448     0.402      0.41     0.367     0.397      2.06      2.45      1.07
   181/299     4.34G      2.15      3.11      1.33      6.59       227       448     0.402      0.41     0.368     0.398      2.06      2.45      1.07
   182/299     4.34G      2.15      3.12      1.33      6.61       217       448     0.401     0.411     0.368     0.398      2.05      2.45      1.07
   183/299     4.34G      2.15      3.13      1.32       6.6       274       448     0.402     0.413     0.368     0.399      2.05      2.45      1.07
   184/299     4.34G      2.15      3.12      1.32      6.59       180       448     0.402     0.413     0.369     0.399      2.05      2.45      1.07
   185/299     4.34G      2.15      3.11      1.32      6.58       211       448       0.4     0.413     0.369     0.399      2.05      2.45      1.07
   186/299     4.34G      2.15      3.12      1.32      6.58       276       448     0.401     0.413     0.368     0.399      2.05      2.45      1.07
   187/299     4.34G      2.14      3.12      1.32      6.58       244       448     0.402     0.413     0.368     0.399      2.05      2.45      1.07
   188/299     4.34G      2.14      3.11      1.31      6.56       204       448     0.399     0.413     0.369     0.398      2.05      2.45      1.07
   189/299     4.34G      2.14      3.12      1.32      6.58       223       448     0.413     0.414      0.37     0.401      2.05      2.45      1.06
   190/299     4.34G      2.14      3.11      1.31      6.56       237       448     0.412     0.415      0.37     0.401      2.05      2.45      1.06
   191/299     4.34G      2.14      3.12      1.31      6.57       158       448     0.413     0.416      0.37     0.402      2.05      2.45      1.06
   192/299     4.34G      2.14       3.1      1.31      6.54       172       448     0.413     0.416      0.37     0.402      2.05      2.45      1.06
   193/299     4.34G      2.13       3.1       1.3      6.54       235       448     0.414     0.417     0.371     0.403      2.05      2.45      1.06
   194/299     4.34G      2.13       3.1       1.3      6.54       263       448     0.413     0.418     0.372     0.403      2.05      2.45      1.06
   195/299     4.34G      2.13       3.1       1.3      6.53       190       448     0.402     0.417     0.372     0.401      2.05      2.45      1.06
   196/299     4.34G      2.13      3.11       1.3      6.54       283       448     0.402     0.417     0.372     0.401      2.04      2.45      1.06
   197/299     4.34G      2.13       3.1       1.3      6.52       222       448     0.401     0.416     0.372       0.4      2.04      2.44      1.06
   198/299     4.34G      2.13      3.11      1.29      6.53       159       448       0.4     0.416     0.372       0.4      2.04      2.44      1.06
   199/299     4.34G      2.12       3.1      1.29      6.52       176       448     0.401     0.417     0.372       0.4      2.04      2.44      1.06
   200/299     4.34G      2.12      3.11      1.29      6.52       161       448     0.401     0.418     0.373     0.401      2.04      2.44      1.06
   201/299     4.34G      2.12       3.1      1.29      6.51       323       448       0.4     0.417     0.373       0.4      2.04      2.44      1.06
   202/299     4.34G      2.12      3.11      1.28       6.5       180       448       0.4     0.419     0.373     0.401      2.04      2.44      1.06
   203/299     4.34G      2.12      3.11      1.28      6.51       234       448     0.402     0.419     0.374     0.402      2.04      2.44      1.06
   204/299     4.34G      2.11       3.1      1.28       6.5       229       448       0.4     0.419     0.374     0.401      2.04      2.44      1.06
   205/299     4.34G      2.11      3.09      1.28      6.49       192       448     0.402     0.419     0.374     0.402      2.04      2.44      1.05
   206/299     4.34G      2.11      3.09      1.27      6.48       241       448     0.403      0.42     0.374     0.403      2.04      2.44      1.05
   207/299     4.34G      2.11      3.09      1.28      6.48       164       448     0.403      0.42     0.375     0.404      2.04      2.44      1.05
   208/299     4.34G      2.11      3.09      1.27      6.47       203       448     0.402      0.42     0.375     0.403      2.04      2.44      1.05
   209/299     4.34G      2.11      3.09      1.27      6.47       268       448     0.403     0.421     0.375     0.404      2.04      2.44      1.05
   210/299     4.34G      2.11       3.1      1.27      6.48       244       448     0.403     0.421     0.375     0.404      2.04      2.44      1.05
   211/299     4.34G       2.1      3.09      1.27      6.46       300       448     0.404     0.421     0.375     0.404      2.04      2.44      1.05
   212/299     4.34G       2.1      3.09      1.27      6.46       251       448     0.402     0.421     0.376     0.404      2.04      2.44      1.05
   213/299     4.34G       2.1      3.09      1.26      6.45       225       448     0.401      0.42     0.377     0.403      2.04      2.44      1.05
   214/299     4.34G       2.1      3.09      1.26      6.45       211       448     0.401     0.421     0.376     0.404      2.03      2.44      1.05
   215/299     4.34G       2.1      3.09      1.26      6.44       139       448     0.401     0.423     0.377     0.404      2.03      2.44      1.05
   216/299     4.34G      2.09      3.08      1.26      6.43       175       448     0.402     0.423     0.377     0.404      2.03      2.44      1.04
   217/299     4.34G      2.09      3.08      1.25      6.43       173       448     0.401     0.422     0.377     0.404      2.03      2.44      1.04
   218/299     4.34G      2.09      3.08      1.25      6.42       217       448     0.403     0.422     0.378     0.405      2.03      2.44      1.04
   219/299     4.34G      2.09      3.08      1.25      6.42       241       448     0.401     0.422     0.378     0.404      2.03      2.44      1.04
   220/299     4.34G      2.09      3.09      1.25      6.43       211       448     0.401     0.422     0.377     0.404      2.03      2.43      1.04
   221/299     4.34G      2.09      3.07      1.25       6.4       206       448       0.4     0.422     0.378     0.404      2.03      2.43      1.04
   222/299     4.34G      2.08      3.06      1.24      6.39       188       448     0.402     0.423     0.379     0.405      2.03      2.43      1.04
   223/299     4.34G      2.08      3.08      1.24       6.4       201       448       0.4     0.423     0.379     0.404      2.03      2.43      1.04
   224/299     4.34G      2.08      3.08      1.24       6.4       185       448     0.402     0.425     0.379     0.406      2.03      2.43      1.04
   225/299     4.34G      2.08      3.07      1.24      6.39       175       448     0.402     0.425     0.379     0.406      2.03      2.43      1.04
   226/299     4.34G      2.08      3.07      1.23      6.38       235       448     0.402     0.426     0.379     0.406      2.03      2.43      1.04
   227/299     4.34G      2.08      3.07      1.23      6.38       185       448     0.403     0.426      0.38     0.407      2.03      2.43      1.04
   228/299     4.34G      2.07      3.06      1.23      6.37       209       448     0.402     0.427      0.38     0.407      2.03      2.43      1.04
   229/299     4.34G      2.07      3.06      1.23      6.36       244       448     0.403     0.427     0.381     0.408      2.03      2.43      1.04
   230/299     4.34G      2.07      3.06      1.22      6.35       286       448     0.403     0.427     0.381     0.408      2.02      2.43      1.04
   231/299     4.34G      2.07      3.06      1.23      6.35       152       448     0.402     0.427     0.381     0.407      2.02      2.43      1.03
   232/299     4.34G      2.06      3.07      1.22      6.35       212       448     0.401     0.426     0.381     0.406      2.02      2.43      1.03
   233/299     4.34G      2.06      3.06      1.22      6.34       218       448     0.414     0.429     0.383     0.409      2.02      2.43      1.03
   234/299     4.34G      2.06      3.07      1.22      6.35       232       448     0.415     0.429     0.383      0.41      2.02      2.43      1.03
   235/299     4.34G      2.06      3.06      1.22      6.34       332       448     0.414      0.43     0.383      0.41      2.02      2.43      1.03
   236/299     4.34G      2.06      3.06      1.21      6.33       218       448     0.415     0.429     0.383      0.41      2.02      2.43      1.03
   237/299     4.34G      2.06      3.06      1.21      6.32       209       448     0.416      0.43     0.383     0.411      2.02      2.43      1.03
   238/299     4.34G      2.05      3.06       1.2      6.32       245       448     0.417      0.43     0.384     0.411      2.02      2.43      1.03
   239/299     4.34G      2.05      3.06       1.2      6.32       180       448     0.416     0.431     0.384     0.412      2.02      2.43      1.03
   240/299     4.34G      2.05      3.06       1.2      6.31       172       448     0.416     0.432     0.384     0.412      2.02      2.43      1.03
   241/299     4.34G      2.05      3.05       1.2       6.3       285       448     0.416     0.432     0.385     0.412      2.02      2.43      1.03
   242/299     4.34G      2.05      3.06       1.2       6.3       243       448     0.402      0.43     0.384     0.409      2.02      2.42      1.02
   243/299     4.34G      2.05      3.05       1.2       6.3       204       448     0.401     0.432     0.384     0.409      2.02      2.42      1.02
   244/299     4.34G      2.04      3.05      1.19      6.29       193       448       0.4     0.431     0.384     0.408      2.02      2.42      1.02
   245/299     4.34G      2.04      3.05      1.19      6.28       158       448     0.402     0.433     0.384      0.41      2.02      2.42      1.02
   246/299     4.34G      2.04      3.04      1.19      6.27       260       448     0.404     0.434     0.385     0.411      2.02      2.42      1.02
   247/299     4.34G      2.04      3.06      1.19      6.28       240       448     0.403     0.433     0.384      0.41      2.02      2.42      1.02
   248/299     4.34G      2.04      3.04      1.19      6.26       219       448     0.402     0.434     0.385      0.41      2.02      2.42      1.02
   249/299     4.34G      2.03      3.05      1.19      6.27       241       448     0.402     0.434     0.386      0.41      2.01      2.42      1.02
   250/299     4.34G      2.03      3.04      1.18      6.25       185       448     0.402     0.433     0.386      0.41      2.01      2.42      1.02
   251/299     4.34G      2.03      3.04      1.18      6.25       241       448     0.402     0.434     0.386      0.41      2.01      2.42      1.02
   252/299     4.34G      2.03      3.04      1.18      6.24       202       448     0.415     0.435     0.386     0.413      2.01      2.42      1.02
   253/299     4.34G      2.03      3.03      1.18      6.24       208       448     0.416     0.436     0.387     0.414      2.01      2.42      1.02
   254/299     4.34G      2.03      3.05      1.18      6.26       240       448     0.415     0.435     0.387     0.413      2.01      2.42      1.02
   255/299     4.34G      2.02      3.03      1.17      6.22       208       448     0.416     0.436     0.387     0.414      2.01      2.42      1.02
   256/299     4.34G      2.02      3.04      1.17      6.23       352       448     0.414     0.435     0.387     0.413      2.01      2.42      1.02
   257/299     4.34G      2.02      3.03      1.17      6.22       199       448     0.413     0.435     0.387     0.412      2.01      2.42      1.02
   258/299     4.34G      2.01      3.02      1.16       6.2       231       448     0.413     0.437     0.387     0.413      2.01      2.42      1.01
   259/299     4.34G      2.02      3.03      1.16      6.21       245       448     0.413     0.436     0.387     0.413      2.01      2.42      1.01
   260/299     4.34G      2.01      3.03      1.16       6.2       230       448     0.415     0.437     0.387     0.414      2.01      2.42      1.01
   261/299     4.34G      2.01      3.03      1.16       6.2       234       448     0.415     0.438     0.388     0.414      2.01      2.42      1.01
   262/299     4.34G      2.01      3.02      1.15      6.19       268       448     0.416     0.438     0.388     0.415      2.01      2.42      1.01
   263/299     4.34G      2.01      3.03      1.16      6.19       240       448     0.416     0.439     0.388     0.416      2.01      2.42      1.01
   264/299     4.34G      2.01      3.03      1.15      6.19       192       448     0.415     0.438     0.388     0.415      2.01      2.42      1.01
   265/299     4.34G         2      3.02      1.15      6.18       164       448     0.403     0.437     0.387     0.413      2.01      2.42      1.01
   266/299     4.34G         2      3.02      1.15      6.17       213       448     0.403     0.438     0.387     0.413         2      2.42      1.01
   267/299     4.34G         2      3.02      1.15      6.17       151       448     0.403     0.438     0.388     0.413         2      2.42      1.01
   268/299     4.34G         2      3.02      1.14      6.16       233       448     0.403     0.439     0.388     0.413         2      2.42      1.01
   269/299     4.34G         2      3.02      1.14      6.16       183       448     0.403     0.439     0.388     0.413         2      2.42      1.01
   270/299     4.34G         2      3.02      1.14      6.16       242       448     0.402     0.439     0.388     0.413         2      2.42      1.01
   271/299     4.34G      1.99      3.02      1.14      6.15       247       448     0.402     0.438     0.388     0.413         2      2.42      1.01
   272/299     4.34G      1.99      3.01      1.14      6.15       265       448     0.403      0.44     0.388     0.414         2      2.42      1.01
   273/299     4.34G      1.99      3.01      1.14      6.14       209       448     0.403     0.439     0.389     0.414         2      2.42      1.01
   274/299     4.34G         2      3.01      1.14      6.14       279       448     0.404      0.44     0.389     0.415         2      2.42      1.01
   275/299     4.34G      1.99         3      1.13      6.13       270       448     0.404     0.439     0.389     0.414         2      2.41      1.01
   276/299     4.34G      1.99      3.01      1.13      6.13       170       448     0.402      0.44     0.389     0.414         2      2.41      1.01
   277/299     4.34G      1.99      3.01      1.13      6.13       214       448     0.403      0.44     0.389     0.414         2      2.41      1.01
   278/299     4.34G      1.99         3      1.13      6.13       179       448     0.402      0.44     0.389     0.414         2      2.41      1.01
   279/299     4.34G      1.99      3.01      1.13      6.13       210       448     0.403      0.44     0.389     0.414         2      2.41         1
   280/299     4.34G      1.99      3.01      1.12      6.12       229       448     0.402     0.441      0.39     0.414         2      2.41         1
   281/299     4.34G      1.98      3.01      1.13      6.12       215       448     0.402     0.441      0.39     0.414         2      2.41         1
   282/299     4.34G      1.98      3.01      1.12      6.12       216       448     0.403     0.443      0.39     0.416         2      2.41         1
   283/299     4.34G      1.98         3      1.12      6.11       227       448     0.403     0.442      0.39     0.415         2      2.41         1
   284/299     4.34G      1.98         3      1.12       6.1       213       448     0.403     0.443      0.39     0.416         2      2.41         1
   285/299     4.34G      1.98      3.01      1.12      6.11       341       448     0.403     0.442      0.39     0.416         2      2.41         1
   286/299     4.34G      1.98         3      1.12       6.1       231       448     0.403     0.443     0.391     0.416         2      2.41         1
   287/299     4.34G      1.98         3      1.12       6.1       212       448     0.401     0.442     0.391     0.415         2      2.41         1
   288/299     4.34G      1.98         3      1.12       6.1       208       448       0.4     0.441     0.391     0.414         2      2.41         1
   289/299     4.34G      1.97         3      1.11      6.08       249       448     0.401     0.441     0.391     0.414         2      2.41         1
   290/299     4.34G      1.98         3      1.11      6.09       216       448     0.402     0.443     0.391     0.415         2      2.41         1
   291/299     4.34G      1.97         3      1.11      6.09       181       448     0.402     0.443     0.391     0.416         2      2.41         1
   292/299     4.34G      1.97         3      1.11      6.09       199       448     0.402     0.444     0.391     0.416         2      2.41         1
   293/299     4.34G      1.97      2.99      1.11      6.08       226       448     0.402     0.444     0.391     0.416         2      2.41         1
   294/299     4.34G      1.97         3      1.12      6.09       185       448     0.403     0.443     0.392     0.416         2      2.41         1
   295/299     4.34G      1.97         3      1.11      6.09       206       448     0.403     0.444     0.391     0.416         2      2.41         1
   296/299     4.34G      1.97         3      1.12      6.09       185       448     0.402     0.443     0.391     0.415         2      2.41         1
   297/299     4.34G      1.97      2.99      1.11      6.08       235       448     0.402     0.444     0.391     0.416         2      2.41         1
   298/299     4.34G      1.97      2.99      1.11      6.08       188       448     0.402     0.443     0.392     0.415      1.99      2.41         1
    299/29        0G      5.85      1.53      1.42      8.81        10       640         0         0   0.00195         0      4.46      1.23     0.959
   300/999        0G      6.48      1.17      1.31      8.96        10       640         0         0  0.000977         0      3.35     0.894     0.879
   301/999        0G      5.25      1.04      1.29      7.58         5       640         0         0   0.00258         0      3.06     0.795     0.914
   302/999        0G      5.95     0.698       1.2      7.85         8       640         0         0   0.00209         0      4.71     0.477     0.912
   303/999        0G      5.01     0.883      1.17      7.07        10       640         0         0     0.011         0      3.32     0.554     0.906
   304/999        0G      4.65     0.797     0.995      6.44         8       640         0         0    0.0769         0      2.89     0.525     0.867
   305/999        0G      4.61     0.798     0.951      6.36         5       640         1    0.0284     0.313    0.0553      3.54     0.393      0.78
   306/999        0G      4.81     0.696     0.807      6.31         5       640    0.0748    0.0156    0.0274    0.0259      3.34     0.535      1.75
   307/999        0G      4.47     0.727     0.836      6.04         6       640     0.117    0.0618    0.0818    0.0808      3.64     0.566      1.81
   308/999        0G      4.14     0.748     0.748      5.64        10       640    0.0266    0.0312    0.0429    0.0288      3.15     0.524      1.85
   309/999        0G      4.26     0.678     0.719      5.66         8       640     0.106     0.232    0.0589     0.128      3.51     0.726      1.93
   310/999        0G      3.96     0.762     0.734      5.45        13       640    0.0636     0.377    0.0581     0.104      3.38     0.981      1.45
   311/999        0G      4.39     0.701     0.698      5.79         6       640      0.14     0.289     0.121     0.182      3.17     0.606      1.23
   312/999        0G      4.27      0.77     0.733      5.77        10       640     0.155    0.0954     0.106    0.0896      2.45     0.603     0.868
   313/999        0G      4.11     0.742     0.673      5.53         8       640     0.509     0.108     0.161     0.157      2.16     0.551     0.858
   314/999        0G      3.72     0.866     0.867      5.45         3       640     0.483     0.122     0.205     0.181       2.3     0.609      1.02
   315/999        0G      3.84     0.799     0.727      5.37         8       640     0.262     0.216     0.181     0.224      2.86     0.505      1.11
   316/999        0G      4.08     0.819     0.655      5.56         8       640     0.198     0.324     0.158     0.204      2.82     0.564     0.949
   317/999        0G      3.76     0.711      0.68      5.15         9       640     0.341     0.431     0.311     0.299      2.14     0.558     0.821
   318/999        0G      3.42     0.804      0.83      5.06        10       640      0.24     0.467     0.257     0.286      2.07     0.602     0.693
   319/999        0G      3.12     0.755     0.714      4.58         9       640     0.336     0.358     0.251     0.312      1.95     0.533     0.682
   320/999        0G      3.22     0.817     0.496      4.53        10       640      0.27     0.072     0.174     0.107      2.59     0.406     0.798
   321/999        0G      3.28     0.718     0.641      4.64         7       640     0.328     0.419     0.313     0.356      2.17     0.529     0.665
   322/999        0G      3.05      0.79     0.784      4.62         8       640     0.398     0.202     0.268     0.264      1.95     0.483     0.674
   323/999        0G      2.74     0.756     0.728      4.22         8       640       0.4     0.103     0.278     0.159      1.94     0.465     0.672
   324/999        0G      2.71     0.872     0.686      4.27         4       640     0.186    0.0528     0.224    0.0782      1.82     0.468     0.691
   325/999        0G      2.38     0.819     0.786      3.98         7       640     0.297    0.0738     0.297     0.115      1.73      0.45     0.727
   326/999        0G      2.62     0.782     0.606      4.01        10       640     0.487     0.231     0.388     0.313      1.82      0.44     0.709
   327/999        0G      2.42     0.847     0.679      3.95        11       640     0.472     0.225     0.381     0.303      1.51      0.44     0.689
   328/999        0G      2.93     0.712     0.604      4.25         8       640     0.433     0.291     0.415     0.326      2.03     0.391     0.677
   329/999        0G      2.82     0.683     0.667      4.17         7       640       0.6     0.393     0.538      0.47      1.99     0.392     0.661
   330/999        0G      2.68     0.807     0.521      4.01         8       640     0.674      0.46     0.562     0.539      1.69     0.407     0.515
   331/999        0G      2.52     0.744      0.58      3.85         7       640     0.893     0.348     0.646     0.492      1.64     0.394     0.431
   332/999        0G      2.59     0.766      0.51      3.87         4       640      0.88      0.32     0.612     0.467      1.59     0.395     0.401
   333/999        0G       2.2     0.674     0.543      3.42         8       640     0.959     0.243     0.659     0.384      1.55     0.394     0.381
   334/999        0G      2.11     0.717     0.624      3.46         9       640     0.896     0.359     0.616     0.509      1.43       0.4     0.384
   335/999        0G      2.06     0.674     0.502      3.23         6       640     0.872     0.357     0.653     0.503      1.41     0.407     0.448
   336/999        0G      2.59     0.736     0.427      3.76         7       640     0.896      0.35     0.662     0.502      1.47     0.403     0.348
   337/999        0G      2.25     0.724     0.407      3.38         4       640     0.696     0.348      0.57     0.446      1.47     0.389     0.334
   338/999        0G      2.36     0.674     0.575      3.61         7       640     0.904     0.403     0.661     0.554      1.52     0.379     0.336
   339/999        0G      2.41     0.743     0.541       3.7         9       640     0.631     0.406     0.576     0.494      1.66      0.36     0.367
   340/999        0G      2.08      0.73     0.438      3.25        12       640     0.791     0.468     0.663     0.585      1.41     0.371     0.396
   341/999        0G       1.9     0.726     0.473       3.1         5       640     0.733     0.501     0.652      0.57      1.59     0.351     0.394
   342/999        0G      2.29     0.595     0.373      3.26         9       640     0.829     0.423     0.677     0.549      1.65     0.345     0.404
   343/999        0G      2.44     0.607     0.389      3.44         6       640     0.513     0.211     0.473     0.285      1.86      0.33     0.347
   344/999        0G      2.01     0.749     0.408      3.16        10       640     0.845     0.406     0.722     0.525      1.46     0.354     0.317
   345/999        0G      1.86     0.648     0.345      2.85         7       640     0.853     0.496     0.723     0.603      1.59     0.332     0.291
   346/999        0G      2.18      0.61     0.312       3.1         4       640     0.792     0.518     0.721     0.588      1.63     0.339     0.295
   347/999        0G      2.25      0.59     0.422      3.26         7       640     0.846     0.483     0.773     0.578      1.38     0.351       0.3
   348/999        0G      1.92     0.706     0.328      2.95         8       640     0.782     0.655     0.765       0.7      1.36     0.363     0.314
   349/999        0G         2     0.609     0.511      3.12         3       640     0.813     0.567     0.753     0.645      1.39     0.354     0.308
   350/999        0G      1.97     0.664     0.324      2.96         9       640     0.848     0.565     0.774     0.656      1.37     0.345     0.267
   351/999        0G      1.77     0.605     0.285      2.66         7       640     0.812     0.578     0.734     0.661      1.28     0.352     0.247
   352/999        0G      1.98     0.655     0.304      2.94         8       640     0.802     0.652     0.762     0.712      1.31     0.344     0.263
   353/999        0G      2.16      0.72     0.281      3.16        12       640     0.796     0.663     0.765      0.72      1.37     0.346     0.325
   354/999        0G      1.93     0.676      0.36      2.97         9       640     0.792     0.652     0.763     0.703      1.28      0.34     0.362
   355/999        0G      1.79      0.65     0.323      2.76        13       640     0.834     0.694     0.821     0.744      1.33      0.33     0.352
   356/999        0G      2.06     0.629     0.279      2.97        11       640     0.766     0.741     0.792     0.744       1.3     0.331      0.34
   357/999        0G      2.12     0.594     0.316      3.03         5       640     0.733     0.768      0.78     0.736      1.33     0.329     0.363
   358/999        0G       1.8     0.671     0.311      2.78         8       640     0.741     0.781     0.811     0.755      1.23     0.323      0.35
   359/999        0G      1.98     0.575     0.324      2.88         6       640     0.774      0.79     0.783     0.767       1.4     0.314     0.345
   360/999        0G      1.96     0.574     0.347      2.88         5       640     0.821     0.726      0.83     0.765      1.42     0.306     0.348
   361/999        0G      1.75     0.619     0.284      2.65         5       640     0.786     0.711     0.813     0.741      1.32     0.313      0.34
   362/999        0G       1.8     0.636     0.278      2.72        11       640     0.792     0.724     0.811     0.753       1.3     0.317     0.326
   363/999        0G      1.84     0.654      0.26      2.76        12       640     0.734     0.731     0.782     0.724      1.28     0.321     0.298
   364/999        0G      1.62     0.555     0.147      2.32         5       640     0.795     0.758     0.822     0.764      1.23     0.332     0.276
   365/999        0G      1.91       0.6     0.266      2.78         8       640      0.75     0.761     0.801     0.748      1.42     0.321     0.251
   366/999        0G      1.79     0.614     0.235      2.64         8       640     0.724     0.777      0.81     0.728      1.33      0.32     0.241
   367/999        0G      1.58     0.551     0.204      2.34         6       640     0.829     0.771     0.829     0.796      1.41     0.313     0.217
   368/999        0G       1.7     0.599     0.216      2.52         8       640     0.871     0.737     0.844     0.793      1.19     0.314     0.257
   369/999        0G      1.77     0.572     0.218      2.56         6       640     0.831     0.752     0.828     0.787      1.29     0.306     0.263
   370/999        0G      1.72     0.599     0.171      2.49        10       640     0.848     0.752     0.825     0.795      1.13     0.311     0.274
   371/999        0G      1.84     0.638     0.241      2.72        11       640     0.868     0.745     0.831     0.799      1.22     0.315     0.245
   372/999        0G      1.81      0.53     0.228      2.57         6       640     0.836     0.701     0.828     0.758      1.15     0.316      0.24
   373/999        0G      1.86     0.557     0.225      2.64         8       640     0.839     0.762     0.856     0.799      1.16      0.31     0.235
   374/999        0G      1.74     0.515     0.213      2.47        10       640     0.822     0.789     0.834     0.805      1.21     0.295     0.234
   375/999        0G      1.67     0.551     0.224      2.45         8       640      0.73     0.807     0.864     0.766      1.18     0.295      0.23
   376/999        0G      1.89     0.558     0.252       2.7         9       640     0.782     0.788     0.885     0.785      1.14      0.29     0.217
   377/999        0G      1.97     0.564     0.212      2.74         9       640     0.827     0.762     0.864     0.793      1.31     0.283     0.227
   378/999        0G      2.23     0.452     0.311      2.99         8       640     0.879     0.762     0.884     0.816      1.62      0.26      0.24
   379/999        0G      1.92     0.562     0.197      2.68        10       640     0.838     0.731     0.833     0.781      1.32     0.282     0.241
   380/999        0G      1.98     0.595     0.239      2.82        10       640       0.9      0.77      0.89     0.829       1.2     0.288     0.246
   381/999        0G      1.63     0.682      0.26      2.58         5       640     0.875      0.81     0.891     0.839       1.1     0.288     0.256
   382/999        0G      1.58     0.595     0.328       2.5         7       640     0.866     0.826     0.899     0.844      1.12     0.291     0.263
   383/999        0G      1.52      0.59      0.32      2.43         8       640      0.79      0.84      0.87     0.814      1.26     0.288     0.251
   384/999    0.942G      1.73     0.532     0.341       2.6        10       640     0.734     0.825     0.836     0.772      1.42     0.284     0.249
   385/999    0.944G      2.16     0.546      0.29         3         5       640     0.828     0.801     0.865     0.811      1.15     0.289     0.283
   386/999    0.944G      1.59     0.503     0.183      2.28         8       640     0.897     0.768     0.857     0.827      1.12     0.291     0.329
   387/999    0.944G      1.77      0.58     0.288      2.64        10       640     0.801     0.754     0.814     0.773      1.25     0.284     0.359
   388/999    0.944G      1.68     0.537     0.207      2.43         8       640     0.834      0.74     0.838      0.78      1.23     0.285     0.378
   389/999    0.944G      1.48     0.554      0.23      2.27         5       640     0.792     0.768     0.816     0.777      1.11     0.284     0.317
   390/999    0.944G      1.62     0.558     0.227       2.4         5       640     0.775     0.752     0.817     0.753      1.27     0.275     0.327
   391/999    0.944G      1.65     0.539     0.205       2.4         6       640     0.804      0.78     0.836      0.79       1.1      0.28     0.322
   392/999    0.944G      1.52      0.54     0.335       2.4        10       640     0.854     0.785     0.837     0.814      1.05     0.271     0.282
   393/999    0.944G      1.43     0.495     0.156      2.08         8       640     0.865     0.804     0.858     0.828      1.09     0.266     0.251
   394/999    0.944G      1.45     0.565     0.205      2.22        13       640     0.849     0.797     0.859      0.82      1.07     0.264     0.242
   395/999    0.944G      1.51     0.512     0.211      2.23         6       640     0.892     0.825     0.899     0.854      1.12      0.26      0.22
   396/999    0.944G      1.64     0.535     0.146      2.32        10       640     0.853     0.841     0.869     0.842      1.06     0.262     0.215
   397/999    0.944G      1.57     0.471      0.16       2.2         8       640     0.876     0.879      0.88     0.875      1.08     0.259      0.22
   398/999    0.944G      1.52     0.581     0.242      2.34         3       640     0.766      0.89     0.774     0.823      1.19     0.258     0.216
   399/999    0.944G       1.6     0.509     0.127      2.23         8       640     0.879     0.897     0.902     0.886      1.09     0.255     0.217
   400/999    0.944G      1.64     0.574     0.167      2.39         8       640     0.871     0.883     0.913     0.876      1.04     0.253     0.226
   401/999    0.944G      1.66     0.469     0.166       2.3         9       640     0.893     0.874       0.9     0.883      1.11     0.252     0.268
   402/999    0.944G      1.55     0.523     0.134       2.2        10       640     0.882     0.886     0.906     0.883       1.2     0.251      0.26
   403/999    0.944G      1.62     0.472     0.106       2.2         9       640      0.88     0.923      0.91       0.9       1.1     0.254     0.263
   404/999    0.944G      1.44     0.513     0.108      2.06        10       640       0.9     0.918      0.92     0.906      1.17     0.251     0.271
   405/999    0.944G      1.59     0.482     0.128       2.2         7       640     0.887     0.906     0.919     0.892      1.13     0.252     0.272
   406/999    0.944G      1.62     0.511     0.195      2.33         8       640     0.842     0.875     0.902     0.852      1.21     0.246     0.244
   407/999    0.944G      1.33     0.449     0.115      1.89         8       640     0.892     0.896     0.929     0.892     0.978     0.254     0.201
   408/999    0.944G      1.44     0.562     0.117      2.12         4       640     0.853     0.891     0.897     0.871      1.06     0.253     0.172
   409/999    0.944G      1.59     0.485     0.152      2.22         7       640     0.898     0.933     0.941     0.915      1.21     0.252     0.176
   410/999    0.944G      1.71     0.483     0.112       2.3        10       640      0.85     0.923     0.905     0.885      1.15     0.253     0.176
   411/999    0.944G      1.65     0.547     0.268      2.46        11       640     0.911     0.919     0.934     0.913      1.05     0.258     0.218
   412/999    0.944G       1.4     0.463     0.138         2         8       640     0.874     0.913     0.939     0.891      1.02     0.256     0.245
   413/999    0.944G      1.42     0.483     0.126      2.03         7       640     0.874     0.913     0.943     0.892     0.966     0.259     0.252
   414/999    0.944G      1.37     0.532     0.111      2.01         8       640     0.842     0.907     0.943     0.872      1.03     0.255     0.251
   415/999    0.944G      1.49     0.476     0.148      2.12         7       640     0.893     0.907     0.935     0.899      1.01     0.254     0.242
   416/999    0.944G      1.35     0.506     0.103      1.96         4       640     0.868     0.892     0.944     0.879      1.05     0.253     0.225
   417/999    0.944G       1.4     0.419     0.139      1.96         8       640     0.856     0.901     0.926     0.877     0.962     0.252     0.205
   418/999    0.944G      1.46     0.473     0.196      2.13         9       640     0.844     0.933     0.946     0.886      1.04     0.246     0.181
   419/999    0.944G      1.38     0.442     0.107      1.93         6       640     0.853     0.933     0.947     0.891       1.1     0.243     0.182
   420/999    0.944G      1.46     0.492     0.103      2.05         7       640     0.841     0.946     0.956     0.889      1.11     0.244     0.152
   421/999    0.944G      1.45     0.493    0.0983      2.04         4       640     0.876     0.974     0.967     0.922      1.02     0.243     0.146
   422/999    0.944G      1.52     0.459     0.114      2.09         7       640     0.881     0.958     0.964     0.917      1.01     0.239     0.157
   423/999    0.944G      1.64      0.53     0.161      2.33         9       640     0.894     0.946     0.965     0.919      1.06     0.234     0.158
   424/999    0.944G       1.5     0.489     0.102      2.09        12       640     0.902     0.937     0.959     0.918       1.2     0.227     0.202
   425/999    0.944G       1.5       0.5     0.125      2.12         5       640      0.89     0.905     0.962     0.896      1.04      0.23     0.228
   426/999    0.944G      1.38     0.425     0.099       1.9         9       640     0.913     0.871     0.957     0.891     0.982     0.231     0.261
   427/999    0.944G      1.46     0.491     0.114      2.06         6       640     0.888     0.907     0.954     0.897      1.04     0.231      0.28
   428/999    0.944G      1.47     0.527     0.115      2.11        10       640      0.89     0.921     0.949     0.904      1.08     0.226     0.292
   429/999    0.944G      1.49     0.451    0.0953      2.04         7       640     0.892      0.92     0.948     0.904      1.05     0.229     0.295
   430/999    0.944G      1.38     0.451       0.1      1.93         4       640     0.843     0.911     0.943     0.874      1.11     0.231     0.317
   431/999    0.944G      1.56     0.433     0.112       2.1         7       640     0.818     0.907     0.935     0.859      1.15     0.236     0.336
   432/999    0.944G      1.44     0.513     0.102      2.05         8       640     0.865     0.895     0.939     0.879      1.19     0.234      0.31
   433/999    0.944G      1.58      0.46      0.11      2.15         3       640     0.877      0.91     0.949     0.891     0.993     0.233     0.303
   434/999    0.944G      1.41     0.477     0.136      2.03         9       640     0.876     0.936     0.953     0.903      0.97     0.231     0.294
   435/999    0.944G      1.27     0.451     0.104      1.82         7       640     0.879     0.936     0.965     0.904      0.93      0.23     0.288
   436/999    0.944G      1.34      0.49     0.103      1.93         8       640     0.893     0.947     0.962     0.917      1.17     0.228      0.29
   437/999    0.944G      1.45     0.555     0.134      2.13        12       640     0.886     0.946     0.955     0.913      1.06     0.229     0.269
   438/999    0.944G      1.49     0.509     0.136      2.14         9       640     0.891     0.944     0.961     0.915      1.03     0.227     0.248
   439/999    0.944G      1.37     0.476     0.153         2        13       640     0.881     0.936     0.963     0.905     0.955     0.224     0.201
   440/999    0.944G      1.43     0.463     0.107         2        11       640     0.903     0.928     0.966     0.914      0.97     0.225      0.18
   441/999    0.944G      1.36     0.439     0.122      1.92         5       640     0.928     0.926     0.975     0.926     0.958     0.223     0.152
   442/999    0.944G      1.29     0.493     0.113       1.9         8       640     0.929      0.93     0.972     0.928     0.895     0.222     0.139
   443/999    0.944G      1.39     0.453     0.183      2.02         6       640     0.893     0.905     0.943     0.898     0.948     0.219     0.153
   444/999    0.944G      1.47     0.433     0.101      2.01         5       640     0.921     0.932     0.958     0.926     0.959     0.222     0.179
   445/999    0.944G      1.35     0.473     0.162      1.99         5       640     0.902     0.918     0.938     0.909     0.942     0.221     0.194
   446/999    0.944G      1.42     0.466    0.0824      1.97        11       640     0.918     0.933      0.96     0.925     0.909     0.223     0.206
   447/999    0.944G      1.48     0.497    0.0823      2.06        12       640     0.915     0.933     0.958     0.923     0.876     0.223     0.234
   448/999    0.944G      1.26     0.418    0.0594      1.74         5       640     0.901     0.937     0.947     0.916      1.04     0.216     0.247
   449/999    0.944G      1.52      0.43    0.0939      2.04         8       640     0.866     0.895     0.939      0.88      1.05     0.219     0.239
   450/999    0.944G      1.28     0.472    0.0811      1.83         8       640     0.902     0.924      0.95     0.911     0.944     0.218     0.218
   451/999    0.944G      1.09     0.427    0.0661      1.59         6       640     0.841     0.915     0.926     0.876     0.878     0.219     0.187
   452/999    0.944G      1.23     0.463    0.0714      1.77         8       640     0.877     0.923      0.95     0.897     0.974     0.217     0.172
   453/999    0.944G      1.33     0.442    0.0796      1.85         6       640      0.88      0.93      0.96     0.904      1.04     0.218     0.166
   454/999    0.944G      1.36      0.46    0.0657      1.88        10       640     0.851     0.939     0.957      0.89      1.08     0.218     0.175
   455/999    0.944G      1.31     0.474    0.0838      1.87        11       640     0.847     0.947     0.968     0.895      1.03     0.218     0.151
   456/999    0.944G      1.32     0.392     0.103      1.82         6       640     0.798     0.943     0.958     0.865      1.03     0.219     0.193
   457/999    0.944G      1.38     0.435    0.0724      1.89         8       640     0.878     0.948     0.968     0.909      1.01     0.215     0.201
   458/999    0.944G      1.34     0.397    0.0898      1.83        10       640     0.863     0.951     0.962     0.903     0.967     0.215     0.205
   459/999    0.944G      1.33     0.439    0.0896      1.86         8       640     0.862     0.953     0.954     0.903     0.992      0.21     0.212
   460/999    0.944G      1.53     0.472     0.089      2.09         9       640     0.873     0.959     0.962     0.911         1     0.212     0.216
   461/999    0.944G      1.42     0.437    0.0899      1.95         9       640     0.867     0.943     0.965     0.903     0.958     0.217     0.193
   462/999    0.944G      1.37     0.355     0.174       1.9         8       640     0.891     0.941     0.964     0.915      1.05     0.215     0.196
   463/999    0.944G      1.33     0.463    0.0761      1.87        10       640      0.89     0.943     0.966     0.915      1.03     0.217     0.194
   464/999    0.944G      1.38     0.468     0.108      1.96        10       640     0.906     0.946     0.971     0.924     0.949      0.22     0.185
   465/999    0.944G      1.22      0.53     0.091      1.84         5       640     0.878     0.946      0.97      0.91     0.908     0.223     0.194
   466/999    0.944G      1.24     0.485     0.124      1.85         7       640      0.86     0.965     0.968     0.909     0.953     0.222     0.204
   467/999    0.944G      1.11     0.485     0.121      1.72         8       640     0.825     0.958     0.971     0.887     0.892      0.23     0.195
   468/999    0.944G      1.45     0.452     0.243      2.14         7       640     0.799     0.957     0.968     0.871     0.915     0.227     0.197
   469/999    0.944G      1.25     0.419     0.138       1.8         7       640     0.858     0.944     0.971     0.899     0.947      0.23     0.199
   470/999    0.944G      1.17     0.418    0.0825      1.67         8       640     0.853     0.951      0.97     0.899     0.997     0.222     0.174
   471/999    0.944G      1.21     0.427     0.131      1.76         7       640     0.892     0.972     0.974      0.93     0.924     0.222     0.176
   472/999    0.944G      1.26     0.442     0.107      1.81         7       640     0.888     0.987     0.976     0.935         1     0.223     0.182
   473/999    0.944G      1.29     0.454     0.171      1.91        10       640     0.865     0.987     0.978     0.922     0.933     0.219     0.165
   474/999    0.944G      1.39     0.444    0.0794      1.91         6       640     0.865     0.987     0.975     0.921     0.977     0.214     0.165
   475/999    0.944G      1.25     0.385    0.0599       1.7         9       640     0.867     0.987     0.976     0.922     0.907      0.22     0.151
   476/999    0.944G      1.33     0.482    0.0675      1.87        13       640     0.859     0.987     0.975     0.917     0.862     0.214     0.149
   477/999    0.944G      1.29     0.471    0.0987      1.86         8       640     0.844     0.982     0.978     0.906     0.819     0.215      0.14
   478/999    0.944G      1.36     0.419    0.0949      1.87        11       640     0.858     0.983     0.971     0.915     0.905      0.21     0.142
   479/999    0.944G      1.43     0.407    0.0867      1.92         6       640     0.856     0.972     0.977     0.908     0.864     0.209     0.106
   480/999    0.944G      1.22     0.492     0.105      1.82         8       640     0.881     0.966     0.973     0.921     0.886      0.21     0.106
   481/999    0.944G      1.19     0.454    0.0683      1.71         5       640     0.858     0.946     0.969       0.9     0.982      0.21      0.12
   482/999    0.944G      1.36     0.429    0.0854      1.88        11       640      0.86      0.93     0.968     0.893     0.809     0.216     0.118
   483/999    0.944G      1.26     0.441     0.108      1.81         8       640      0.88     0.948      0.97     0.913     0.825     0.216     0.133
   484/999    0.944G      1.22     0.383    0.0665      1.67         6       640      0.87     0.969     0.969     0.917     0.903     0.214     0.153
   485/999    0.944G      1.43     0.402     0.126      1.96        10       640     0.887     0.972     0.968     0.928     0.897     0.217     0.185
   486/999    0.944G      1.32     0.448     0.051      1.82         5       640     0.895      0.98      0.97     0.935     0.886     0.216     0.199
   487/999    0.944G      1.41     0.447     0.137      1.99         9       640     0.857     0.967     0.948     0.909     0.849     0.214     0.238
   488/999    0.944G      1.14     0.429     0.073      1.64         6       640     0.912     0.973     0.972     0.942     0.808      0.21     0.226
   489/999    0.944G      1.16     0.451     0.101      1.71         6       640     0.921     0.974     0.974     0.947     0.894     0.207     0.222
   490/999    0.944G      1.24     0.419     0.118      1.78         5       640     0.907     0.978     0.975     0.941     0.887     0.208     0.207
   491/999    0.944G      1.24     0.405    0.0866      1.73         4       640     0.939     0.987     0.977     0.963     0.931     0.206     0.192
   492/999    0.944G      1.11     0.389    0.0963       1.6         7       640     0.917     0.956     0.977     0.936     0.818     0.205     0.164
   493/999    0.944G      1.21     0.414     0.097      1.72         7       640     0.926     0.974     0.976     0.949     0.896     0.206     0.178
   494/999    0.944G       1.2     0.429     0.291      1.92         7       640     0.784     0.952     0.949     0.852     0.922     0.221     0.136
   495/999    0.944G      1.18     0.411    0.0926      1.68         7       640     0.811     0.987     0.976     0.883     0.854     0.216     0.133
   496/999    0.944G      1.36     0.455    0.0971      1.91        11       640     0.831     0.987     0.984     0.899     0.854     0.211     0.138
   497/999    0.944G      1.13     0.448     0.114      1.69        11       640     0.879     0.987     0.986     0.928     0.837     0.213     0.136
   498/999    0.944G      1.17     0.445     0.077       1.7        15       640     0.891     0.987     0.984     0.935     0.822     0.209     0.142
   499/999    0.944G      1.09     0.384    0.0691      1.54         5       640     0.876     0.987     0.985     0.927     0.856     0.212     0.141
   500/999    0.944G      1.25     0.439     0.182      1.88         7       640       0.9     0.987     0.983     0.941     0.841     0.205     0.156
   501/999    0.944G      1.25     0.387     0.115      1.75         8       640     0.892     0.987     0.982     0.937      0.95     0.204     0.152
   502/999    0.944G      1.32     0.443     0.107      1.87        14       640     0.908     0.987     0.981     0.945     0.974     0.198     0.153
   503/999    0.944G      1.23     0.446     0.106      1.78         9       640     0.902     0.987     0.977     0.943     0.883     0.198     0.165
   504/999    0.944G      1.13     0.441    0.0902      1.67         6       640     0.918     0.987      0.97     0.951      0.92     0.201     0.164
   505/999    0.944G      1.11      0.43     0.107      1.65         7       640     0.934     0.987     0.967     0.959     0.805     0.203     0.169
   506/999    0.944G      1.09     0.382     0.106      1.58         8       640     0.951     0.978     0.968     0.964     0.891     0.202     0.175
   507/999    0.944G       1.2     0.429     0.106      1.73         7       640     0.951     0.979      0.97     0.965     0.798     0.202     0.154
   508/999    0.944G       1.2     0.385     0.122       1.7         9       640     0.924      0.98     0.959     0.951      0.88     0.199     0.163
